For every column x in 0..15, a specific value is repeated 8**x times
Example: x=0 has each value once
         x=1 has each value 8 times
         x=2 has each value 64 times
         x=3 has each value 512 times

x0(y) =   f(A, y)
x1(y) =   f(A, y / 8)
x2(y) =   f(A, y / 64)
x3(y) =   f(A, y / 512)
f(x, y) = f(x, y / 8**x)

                           10  12  14
    x: 0 1 2 3 4 5 6 7 8 9   11  13  15
    ----------------------------------
y 832: 1 1 1 1 1 1 1 1 1 1 1 1 1 0 1 0
y 833: 0 1 1 1 1 1 1 1 1 1 1 1 1 0 1 0
y 834: 3 1 1 1 1 1 1 1 1 1 1 1 1 0 1 0
y 835: 2 1 1 1 1 1 1 1 1 1 1 1 1 0 1 0
y 836: 4 1 1 1 1 1 1 1 1 1 1 1 1 0 1 0
y 837: 4 1 1 1 1 1 1 1 1 1 1 1 1 0 1 0
y 838: 1 1 1 1 1 1 1 1 1 1 1 1 1 0 1 0
y 839: 5 1 1 1 1 1 1 1 1 1 1 1 1 0 1 0
y 840: 1 0 1 1 1 1 1 1 1 1 1 1 1 0 1 0
y 841: 0 0 1 1 1 1 1 1 1 1 1 1 1 0 1 0
y 842: 3 0 1 1 1 1 1 1 1 1 1 1 1 0 1 0
y 843: 2 0 1 1 1 1 1 1 1 1 1 1 1 0 1 0
y 844: 6 0 1 1 1 1 1 1 1 1 1 1 1 0 1 0
y 845: 5 0 1 1 1 1 1 1 1 1 1 1 1 0 1 0
y 846: 1 0 1 1 1 1 1 1 1 1 1 1 1 0 1 0
y 847: 1 0 1 1 1 1 1 1 1 1 1 1 1 0 1 0
y 848: 1 3 1 1 1 1 1 1 1 1 1 1 1 0 1 0
y 849: 0 3 1 1 1 1 1 1 1 1 1 1 1 0 1 0
y 850: 2 3 1 1 1 1 1 1 1 1 1 1 1 0 1 0
y 851: 2 3 1 1 1 1 1 1 1 1 1 1 1 0 1 0
y 852: 0 3 1 1 1 1 1 1 1 1 1 1 1 0 1 0
y 853: 6 3 1 1 1 1 1 1 1 1 1 1 1 0 1 0
y 854: 1 3 1 1 1 1 1 1 1 1 1 1 1 0 1 0
y 855: 5 3 1 1 1 1 1 1 1 1 1 1 1 0 1 0
y 856: 1 2 1 1 1 1 1 1 1 1 1 1 1 0 1 0
y 857: 0 2 1 1 1 1 1 1 1 1 1 1 1 0 1 0
y 858: 2 2 1 1 1 1 1 1 1 1 1 1 1 0 1 0
y 859: 2 2 1 1 1 1 1 1 1 1 1 1 1 0 1 0
y 860: 2 2 1 1 1 1 1 1 1 1 1 1 1 0 1 0
y 861: 7 2 1 1 1 1 1 1 1 1 1 1 1 0 1 0
y 862: 1 2 1 1 1 1 1 1 1 1 1 1 1 0 1 0
y 863: 1 2 1 1 1 1 1 1 1 1 1 1 1 0 1 0
y 864: 1 4 1 1 1 1 1 1 1 1 1 1 1 0 1 0
y 865: 0 4 1 1 1 1 1 1 1 1 1 1 1 0 1 0
y 866: 1 4 1 1 1 1 1 1 1 1 1 1 1 0 1 0
y 867: 3 4 1 1 1 1 1 1 1 1 1 1 1 0 1 0
y 868: 4 4 1 1 1 1 1 1 1 1 1 1 1 0 1 0
y 869: 0 4 1 1 1 1 1 1 1 1 1 1 1 0 1 0
y 870: 1 4 1 1 1 1 1 1 1 1 1 1 1 0 1 0
y 871: 5 4 1 1 1 1 1 1 1 1 1 1 1 0 1 0
y 872: 1 4 1 1 1 1 1 1 1 1 1 1 1 0 1 0
y 873: 0 4 1 1 1 1 1 1 1 1 1 1 1 0 1 0
y 874: 1 4 1 1 1 1 1 1 1 1 1 1 1 0 1 0
y 875: 3 4 1 1 1 1 1 1 1 1 1 1 1 0 1 0
y 876: 6 4 1 1 1 1 1 1 1 1 1 1 1 0 1 0
y 877: 1 4 1 1 1 1 1 1 1 1 1 1 1 0 1 0
y 878: 1 4 1 1 1 1 1 1 1 1 1 1 1 0 1 0
y 879: 1 4 1 1 1 1 1 1 1 1 1 1 1 0 1 0
y 880: 1 1 1 1 1 1 1 1 1 1 1 1 1 0 1 0
y 881: 0 1 1 1 1 1 1 1 1 1 1 1 1 0 1 0
y 882: 0 1 1 1 1 1 1 1 1 1 1 1 1 0 1 0
y 883: 3 1 1 1 1 1 1 1 1 1 1 1 1 0 1 0
y 884: 0 1 1 1 1 1 1 1 1 1 1 1 1 0 1 0
y 885: 2 1 1 1 1 1 1 1 1 1 1 1 1 0 1 0
y 886: 1 1 1 1 1 1 1 1 1 1 1 1 1 0 1 0
y 887: 5 1 1 1 1 1 1 1 1 1 1 1 1 0 1 0
y 888: 1 5 1 1 1 1 1 1 1 1 1 1 1 0 1 0
y 889: 0 5 1 1 1 1 1 1 1 1 1 1 1 0 1 0
y 890: 0 5 1 1 1 1 1 1 1 1 1 1 1 0 1 0
y 891: 3 5 1 1 1 1 1 1 1 1 1 1 1 0 1 0
y 892: 2 5 1 1 1 1 1 1 1 1 1 1 1 0 1 0
y 893: 3 5 1 1 1 1 1 1 1 1 1 1 1 0 1 0
y 894: 1 5 1 1 1 1 1 1 1 1 1 1 1 0 1 0
y 895: 1 5 1 1 1 1 1 1 1 1 1 1 1 0 1 0
y 896: 0 1 0 1 1 1 1 1 1 1 1 1 1 0 1 0
y 897: 0 1 0 1 1 1 1 1 1 1 1 1 1 0 1 0
y 898: 7 1 0 1 1 1 1 1 1 1 1 1 1 0 1 0
y 899: 0 1 0 1 1 1 1 1 1 1 1 1 1 0 1 0
y 900: 4 1 0 1 1 1 1 1 1 1 1 1 1 0 1 0
